2061,11
2065,5
2065,4
2061,10
2061,9
2061,8
2061,7
2066,3
2066,2
2066,1
2066,0
2065,3
2065,2
2065,1
2065,0
2064,3
2064,2
2064,1
2064,0
2063,4
2063,3
2063,2
2063,1
2063,0
2062,4
2062,3
2062,2
2062,1
2062,0
2061,6
2061,5
2061,4
2061,3
2061,2
2061,1
2061,0
2060,6
2060,5
2060,4
2060,3
2060,2
2060,1
2060,0
2059,6
2059,5
2059,4
2059,3
2059,2
2059,1
2059,0
2058,4
2058,3
2058,2
2058,1
2058,0
2057,3
2057,2
2057,1
2057,0
2056,3
2056,2
2056,1
2056,0
2055,4
2055,3
2055,2
2055,1
2055,0
2054,4
2054,3
2054,2
2054,1
2054,0
2053,4
2053,3
2053,2
2053,1
2053,0
2052,4
2052,3
2052,2
2052,1
2052,0
2051,4
2051,3
2051,2
2051,1
2051,0
2050,4
2050,3
2050,2
2050,1
2050,0
2049,4
2049,3
2049,2
2049,1
2049,0
2048,3
2048,2
2048,1
2048,0
2047,4
2047,3
2047,2
2047,1
2047,0
2046,3
2046,2
2046,1
2046,0
2045,3
2045,2
2045,1
2045,0
2044,5
2044,4
2044,3
2044,2
2044,1
2044,0
2043,3
2043,2
2043,1
2043,0
2042,4
2042,3
2042,2
2042,1
2042,0
2041,3
2041,2
2041,1
2041,0
2035,11
2039,5
2039,4
2035,10
2035,9
2035,8
2035,7
2040,3
2040,2
2040,1
2040,0
2039,3
2039,2
2039,1
2039,0
2038,3
2038,2
2038,1
2038,0
2037,4
2037,3
2037,2
2037,1
2037,0
2036,4
2036,3
2036,2
2036,1
2036,0
2035,6
2035,5
2035,4
2035,3
2035,2
2035,1
2035,0
2034,6
2034,5
2034,4
2034,3
2034,2
2034,1
2034,0
2033,6
2033,5
2033,4
2033,3
2033,2
2033,1
2033,0
2032,4
2032,3
2032,2
2032,1
2032,0
2031,3
2031,2
2031,1
2031,0
2030,3
2030,2
2030,1
2030,0
2029,4
2029,3
2029,2
2029,1
2029,0
2028,4
2028,3
2028,2
2028,1
2028,0
2027,4
2027,3
2027,2
2027,1
2027,0
2026,4
2026,3
2026,2
2026,1
2026,0
2025,4
2025,3
2025,2
2025,1
2025,0
2024,4
2024,3
2024,2
2024,1
2024,0
2023,4
2023,3
2023,2
2023,1
2023,0
2022,3
2022,2
2022,1
2022,0
2021,4
2021,3
2021,2
2021,1
2021,0
2020,3
2020,2
2020,1
2020,0
2019,3
2019,2
2019,1
2019,0
2018,5
2018,4
2018,3
2018,2
2018,1
2018,0
2017,3
2017,2
2017,1
2017,0
2016,4
2016,3
2016,2
2016,1
2016,0
2015,3
2015,2
2015,1
2015,0
2009,11
2013,5
2013,4
2009,10
2009,9
2009,8
2009,7
2014,3
2014,2
2014,1
2014,0
2013,3
2013,2
2013,1
2013,0
2012,3
2012,2
2012,1
2012,0
2011,4
2011,3
2011,2
2011,1
2011,0
2010,4
2010,3
2010,2
2010,1
2010,0
2009,6
2009,5
2009,4
2009,3
2009,2
2009,1
2009,0
2008,6
2008,5
2008,4
2008,3
2008,2
2008,1
2008,0
2007,6
2007,5
2007,4
2007,3
2007,2
2007,1
2007,0
2006,4
2006,3
2006,2
2006,1
2006,0
2005,3
2005,2
2005,1
2005,0
2004,3
2004,2
2004,1
2004,0
2003,4
2003,3
2003,2
2003,1
2003,0
2002,4
2002,3
2002,2
2002,1
2002,0
2001,4
2001,3
2001,2
2001,1
2001,0
2000,4
2000,3
2000,2
2000,1
2000,0
1999,4
1999,3
1999,2
1999,1
1999,0
1998,4
1998,3
1998,2
1998,1
1998,0
1997,4
1997,3
1997,2
1997,1
1997,0
1996,3
1996,2
1996,1
1996,0
1995,4
1995,3
1995,2
1995,1
1995,0
1994,3
1994,2
1994,1
1994,0
1993,3
1993,2
1993,1
1993,0
1992,5
1992,4
1992,3
1992,2
1992,1
1992,0
1991,3
1991,2
1991,1
1991,0
1990,4
1990,3
1990,2
1990,1
1990,0
1989,3
1989,2
1989,1
1989,0
1983,11
1987,5
1987,4
1983,10
1983,9
1983,8
1983,7
1988,3
1988,2
1988,1
1988,0
1987,3
1987,2
1987,1
1987,0
1986,3
1986,2
1986,1
1986,0
1985,4
1985,3
1985,2
1985,1
1985,0
1984,4
1984,3
1984,2
1984,1
1984,0
1983,6
1983,5
1983,4
1983,3
1983,2
1983,1
1983,0
1982,6
1982,5
1982,4
1982,3
1982,2
1982,1
1982,0
1981,6
1981,5
1981,4
1981,3
1981,2
1981,1
1981,0
1980,4
1980,3
1980,2
1980,1
1980,0
1979,3
1979,2
1979,1
1979,0
1978,3
1978,2
1978,1
1978,0
1977,4
1977,3
1977,2
1977,1
1977,0
1976,4
1976,3
1976,2
1976,1
1976,0
1975,4
1975,3
1975,2
1975,1
1975,0
1974,4
1974,3
1974,2
1974,1
1974,0
1973,4
1973,3
1973,2
1973,1
1973,0
1972,4
1972,3
1972,2
1972,1
1972,0
1971,4
1971,3
1971,2
1971,1
1971,0
1970,3
1970,2
1970,1
1970,0
1969,4
1969,3
1969,2
1969,1
1969,0
1968,3
1968,2
1968,1
1968,0
1967,3
1967,2
1967,1
1967,0
1966,5
1966,4
1966,3
1966,2
1966,1
1966,0
1965,3
1965,2
1965,1
1965,0
1964,4
1964,3
1964,2
1964,1
1964,0
1963,3
1963,2
1963,1
1963,0
1962,3
1962,2
1962,1
1962,0
1961,3
1961,2
1961,1
1961,0
1960,3
1960,2
1960,1
1960,0
1959,4
1959,3
1959,2
1959,1
1959,0
1958,4
1958,3
1958,2
1958,1
1958,0
1957,6
1957,5
1957,4
1957,3
1957,2
1957,1
1957,0
1956,6
1956,5
1956,4
1956,3
1956,2
1956,1
1956,0
1955,6
1955,5
1955,4
1955,3
1955,2
1955,1
1955,0
1954,4
1954,3
1954,2
1954,1
1954,0
1953,3
1953,2
1953,1
1953,0
1952,3
1952,2
1952,1
1952,0
1951,4
1951,3
1951,2
1951,1
1951,0
1950,4
1950,3
1950,2
1950,1
1950,0
1949,4
1949,3
1949,2
1949,1
1949,0
1948,4
1948,3
1948,2
1948,1
1948,0
1947,4
1947,3
1947,2
1947,1
1947,0
1946,4
1946,3
1946,2
1946,1
1946,0
1945,4
1945,3
1945,2
1945,1
1945,0
1944,3
1944,2
1944,1
1944,0
1943,4
1943,3
1943,2
1943,1
1943,0
1942,3
1942,2
1942,1
1942,0
1941,3
1941,2
1941,1
1941,0
1940,5
1940,4
1940,3
1940,2
1940,1
1940,0
1939,3
1939,2
1939,1
1939,0
1938,4
1938,3
1938,2
1938,1
1938,0
1937,3
1937,2
1937,1
1937,0
0,575
0,310
0,305
0,308
0,307
0,302
0,304
0,303
0,12
0,10
0,8
0,0
0,416
0,565
0,300
0,431
0,413
0,299
0,564
0,415
0,298
0,573
0,412
0,297
0,361
0,411
0,296
0,537
0,410
0,295
0,530
0,421
0,294
0,457
0,409
0,293
0,529
0,292
0,550
0,506
0,291
0,399
0,405
0,290
0,560
0,504
0,289
0,549
0,569
0,288
0,414
0,404
0,287
0,502
0,403
0,286
0,464
0,402
0,285
0,528
0,554
0,284
0,527
0,572
0,283
0,526
0,429
0,282
0,398
0,553
0,281
0,525
0,571
0,280
0,449
0,394
0,279
0,393
0,428
0,278
0,391
0,500
0,277
0,545
0,388
0,276
0,559
0,351
0,275
0,547
0,387
0,274
0,318
0,386
0,273
0,552
0,385
0,272
0,483
0,534
0,271
0,396
0,384
0,270
0,524
0,468
0,269
0,544
0,420
0,268
0,501
0,381
0,267
0,523
0,543
0,266
0,562
0,461
0,265
0,511
0,380
0,264
0,390
0,379
0,263
0,496
0,378
0,262
0,476
0,463
0,261
0,473
0,377
0,260
0,522
0,259
0,474
0,546
0,258
0,535
0,374
0,257
0,521
0,477
0,256
0,542
0,499
0,255
0,520
0,373
0,254
0,466
0,372
0,253
0,492
0,371
0,252
0,557
0,574
0,251
0,487
0,370
0,250
0,467
0,513
0,249
0,519
0,478
0,248
0,382
0,367
0,247
0,541
0,482
0,246
0,516
0,245
0,486
0,366
0,244
0,475
0,365
0,242
0,364
0,241
0,470
0,363
1,0
0,395
1,3
0,397
0,401
0,407
0,417
0,432
0,447
0,451
0,472
0,494
0,497
3,1
3,3
1914,3
1914,1
1914,5
1915,0
1915,3
1915,2
1933,0
1933,1
1931,0
1931,3
1931,1
1931,4
1931,6
1920,0
1920,1
1923,3
1923,1
1928,3
1928,1
1921,3
1925,0
1925,3
1928,4
1923,4
1931,7
1931,9
1931,10
1934,3
1936,0
1936,3
1918,0
1918,1
1917,0
1917,1
1913,0
1913,1
1916,3
1916,1
1911,3
1911,1
1935,3
1919,0
1919,1
1919,3
1935,0
1911,0
1916,0
1913,3
1917,3
1918,3
1936,1
1934,1
1934,0
1931,8
1925,4
1925,1
1921,1
1921,0
1928,0
1923,0
1920,3
1931,5
1931,11
1933,4
1933,3
1915,1
1914,2
1914,4
1914,0
3,0
0,490
0,455
0,433
0,408
0,406
1,1
0,392
0,334
2,1
0,322
2,3
0,243
2,0
0,9
0,240
0,515
0,558
0,239
0,452
0,362
0,238
0,460
0,512
0,237
0,540
0,493
0,236
0,359
0,235
0,538
0,481
0,234
0,465
0,459
0,233
0,491
0,358
0,232
0,469
0,357
0,231
0,495
0,356
0,230
0,383
0,355
0,229
0,419
0,354
0,228
0,353
0,227
0,510
0,389
0,226
0,566
0,352
0,225
0,454
0,480
0,224
0,509
0,375
0,223
0,498
0,349
0,222
0,471
0,453
0,221
0,508
0,551
0,220
0,435
0,348
0,219
0,369
0,347
0,218
0,330
0,346
0,217
0,507
0,462
0,216
0,450
0,517
0,215
0,434
0,343
0,214
0,485
0,342
0,213
0,488
0,341
0,212
0,445
0,340
0,211
0,360
0,339
0,210
0,376
0,338
0,209
0,567
0,337
0,208
0,503
0,336
0,207
0,446
0,458
0,206
0,350
0,335
0,205
0,443
0,570
0,204
0,442
0,489
0,203
0,444
0,332
0,202
0,439
0,201
0,533
0,448
0,200
0,436
0,331
0,199
0,438
0,400
0,198
0,437
0,548
0,197
0,568
0,328
0,196
0,561
0,344
0,195
0,532
0,423
0,194
0,333
0,327
0,193
0,319
0,326
0,192
0,368
0,325
0,63
0,324
0,62
0,514
0,323
0,61
0,329
0,321
0,60
0,430
0,427
0,59
0,345
0,320
0,58
0,426
0,539
0,57
0,425
0,536
0,56
0,441
0,317
0,55
0,531
0,484
0,54
0,456
0,424
0,53
0,563
0,316
0,52
0,418
0,315
0,51
0,556
0,314
0,50
0,505
0,313
0,49
0,555
0,312
0,48
0,440
0,311
0,47
0,479
0,309
0,46
0,422
0,306
0,45
0,518
0,301
0,6
0,5
0,1
0,11
0,4
0,2
0,3
0,7
